1 0
2 0
3 0
4 0
5 0
6 0
7 0
8 0
9 0
10 0
11 0
12 0
13 0
14 0
15 0
16 0
17 0
18 0
19 0
20 0
21 0
22 0
23 0
24 0
25 0
26 0
27 0
28 0
29 0
30 0
31 0
32 0
33 0
34 0
35 0
36 0
37 0
38 0
39 0
40 0
41 0
42 0
43 0
44 0
45 0
46 0
47 0
48 0
49 0
50 0
51 0
52 0
53 0
54 0
55 0
56 0
57 0
58 0
59 0
60 0
61 0
62 0
63 0
64 0
65 0
66 0
67 0
68 0
69 0
70 0
71 0
72 0
73 0
74 0
75 0
76 0
77 0
78 0
79 0
80 0
81 0
82 0
83 0
84 0
85 0
86 0
87 0
88 0
89 0
90 0
91 0
92 0
93 0
94 0
95 0
96 0
97 0
98 0
99 0
100 0
101 0
102 0
103 0
104 0
15 1
52 1
56 1
60 1
61 1
65 1
69 1
104 1
105 2
3 106
107 5
1 6
78 108
2 109
105 109
99 109
29 7
67 9
111 110
93 112
2 105
109 105
20 105
113 113
111 113
113 111
45 111
114 111
115 115
116 115
117 115
115 116
111 118
120 119
89 119
93 119
19 17
121 17
81 17
85 17
88 17
122 17
95 17
79 18
89 18
105 123
124 123
124 124
8 125
39 125
51 125
105 20
20 20
126 23
127 127
89 24
24 128
126 129
130 129
25 131
132 131
133 25
7 29
120 32
119 120
134 36
46 135
136 136
77 136
79 136
40 40
67 42
42 137
1 138
138 138
69 138
117 138
13 139
89 139
13 140
139 140
19 43
132 43
141 44
143 142
117 142
77 142
77 143
8 45
111 45
117 46
46 144
46 145
77 145
54 146
147 147
126 147
67 51
60 52
104 52
5 107
117 107
148 107
9 149
41 149
67 149
89 149
1 150
151 150
127 150
55 150
83 150
152 150
153 150
1 55
154 55
155 55
156 55
117 55
55 155
55 156
25 157
25 59
159 158
153 160
1 60
15 60
52 60
56 60
65 60
71 60
83 60
98 60
1 61
61 61
117 61
37 161
61 161
163 162
61 162
61 164
77 164
21 165
61 165
64 165
147 126
80 126
166 126
167 126
168 126
121 121
169 169
1 170
124 170
54 170
9 67
42 67
51 67
149 67
1 69
138 69
171 141
44 141
141 141
117 141
133 141
172 117
111 114
1 71
117 71
134 71
72 71
98 71
93 73
172 172
173 74
77 75
25 76
18 79
64 79
90 79
126 80
25 83
77 84
79 84
1 174
54 174
155 152
25 175
100 176
126 166
166 166
89 177
79 90
104 178
19 122
85 122
89 122
122 122
95 122
122 179
181 180
89 180
122 180
102 180
122 182
25 91
1 92
33 92
53 92
117 92
117 183
93 183
102 184
49 93
73 93
183 93
126 167
117 167
167 167
167 168
185 185
100 186
126 103